-4019
82184
-44547
-70830
2137
57090
-71306
78644
-77322
79125
-5156
-81106
50828
-9759
43832
-33980
-23931
-48075
-93316
-91436
-26599
-42891
80985
74012
-13478
44408
35448
-40945
96334
24150
24021
-61180
25187
66274
24481
-39555
-97469
-24742
26939
29724
-67449
-4863
-38764
34117
-61704
6833
21239
-5983
-88742
-35589
616
-31218
66023
-18891
78740
2635
83120
96445
43614
11672
5968
37814
87812
90005
62425
41472
71987
58091
39424
-87115
26622
-89071
94304
21259
-75048
-21572
-70352
-12608
41703
49946
18073
54876
-90964
10487
6186
-81665
-64533
-62484
65343
3232
-33933
-77621
-78398
-33924
-13461
53722
78598
77499
9538
59089
34686
-37335
-86945
24277
-21004
56869
8529
18753
66361
-42751
-12238
-72275
-64075
-8471
-26772
-81464
-79279
26244
34807
-30745
61700
55499
-81037
21913
7013
86677
83841
25765
85659
-9569
93243
88110
97410
-73914
34279
59855
-81628
34645
-91860
86468
-46891
-18017
66354
-48102
-44676
-61558
99204
-53031
-77468
1070
97678
66777
-48245
-91535
38907
-7895
-79622
-88408
-58948
-94484
-95146
-25189
26632
-84843
-27665
95937
99578
-22039
-59577
70481
-77155
32048
25280
83362
7672
-53690
15760
-35250
78301
-90924
-76953
-60214
27116
-12489
58813
-77373
5952
-48276
91407
49369
-27026
80990
62163
49816
-32611
5810
-18578
87293
61085
-66106
69544
16812
90619
-70584
-75199
-35022
42127
48093
-89875
-3300
-86622
59593
-12576
-40692
-75337
-93767
-66218
72014
-47165
39926
79129
80894
-6093
38875
10718
83096
60424
95753
-31286
14607
54931
-16810
-67907
-36111
80305
38822
18092
-30510
-12690
65006
87497
60859
-97052
-97879
38663
82326
68446
39402
7796
52978
89542
11070
73584
9637
95159
48528
-89042
34056
-84587
28063
-87060
27679
-4594
90446
63237
-67409
85077
43373
41252
30843
28563
64368
-28694
-42629
-21103
97103
-70415
72686
-1108
98622
5723
64649
17430
80624
-66701
75181
97328
44259
-57992
-75960
34604
93841
74219
-17420
-73085
43388
72010
-16668
77243
353
-18869
-15752
10654
-44366
-36335
97976
37810
-58883
55428
68875
-54883
1758
98016
-43419
29141
-64942
-26944
59999
-41000
-95048
74548
-66077
69612
-92737
65431
88803
-39640
54848
-74812
63080
72475
-19559
-17947
-30591
-63066
58580
-12504
-70719
-93283
12523
-34335
59472
45887
74281
-66209
4545
-93321
10057
22277
73540
32160
-68619
-99452
62726
-10557
65192
-68486
-32460
-53487
12101
-60094
31618
63025
57030
30384
-22264
-30724
-54033
-30681
92168
-96429
52723
28444
-15004
-21681
-863
2230
38610
61324
-6649
-66714
-1795
17121
-54461
-69546
-54989
42583
-23895
-58742
-7123
24085
27485
-25726
98039
96031
-45513
98696
41409
-32534
78634
-2872
-22074
-27853
96528
93514
-70746
-50339
20931
24263
-48513
-75783
-67883
88804
-74443
-37045
778
61545
66480
-12836
-64696
99565
10328
88043
83927
4654
20956
-47182
24009
3651
-41395
71021
-2435
-42328
-54115
-70297
-63059
18011
-94953
81681
20506
20314
78346
-47945
-31638
44829
-67443
70135
31719
-69465
-7647
-66707
68187
-44338
-39064
87203
-48907
-97689
70436
32605
51701
46198
-42282
5340
-81110
27267
-8234
679
68502
5279
-13991
-28896
2816
20828
54265
-79748
-70187
88909
-21591
-24335
53298
-57487
-12390
21457
74284
36758
91816
20455
-54627
-61192
90649
86127
-563
99309
-91915
62283
-75315
-92995
59103
60502
-3742
47347
75953
-90872
-33122
1151
-33736
-34722
61496
76848
65377
-25651
87148
27434
-84245
-83708
-48408
-1504
75034
17234
61703
8086
29320
64522
99754
-30908
-50744
15415
76568
-85447
-85367
-34442
5076
-60358
3456
-90299
61829
-11984
94070
41575
11772
9434
-35717
-77200
17739
-91560
-15557
-73378
88278
-80962
-46769
-17362
57015
28981
-50175
-29468
-42420
96072
-96009
-59484
49379
99442
-68518
-84534
-35150
98833
83145
54361
-70634
50220
1699
-44539
65734
71157
89202
-19147
42700
-7501
98916
26752
-90200
59558
59680
95151
-77550
67500
65285
-51901
-7684
98942
-72975
-27512
-63385
74819
-1073
-43184
24438
88315
54382
7459
24944
-2586
-11188
-87877
48587
-11982
7138
47949
46974
94790
76414
-23658
-97918
-27988
-21037
31699
-8859
39212
90881
-98705
-76037
49905
-96589
-80959
-958
51082
85478
28390
64893
14862
9284
-77003
-97738
-44147
83347
17756
51191
38128
-65927
837
32626
-43221
69233
64510
-63355
-93229
39233
-95196
26174
65623
49531
57340
4434
-89046
-45688
-49619
39648
11943
-68854
99346
46653
-98117
13192
38308
79568
41509
-66696
42012
19953
71916
87878
85155
-45326
-10470
-6712
-69324
-96572
-79719
-56655
-94673
19036
14603
-81487
325
11343
-1423
-9584
-46574
-37770
-3460
22746
-54913
32613
-38352
-8727
80486
89669
-12428
-66883
20215
-68497
78829
54097
-51816
81054
63482
9114
12436
84940
-2680
-17290
60845
-47041
-33958
-25704
91851
62740
52490
8384
50765
2016
77696
40014
-12517
-11689
80342
-12174
20407
-22758
-11047
-36640
-72839
-61924
-31619
9458
-54250
48449
-12999
-55381
-25457
-56268
48599
69647
60157
29047
-54283
76412
53090
-96748
-4468
89156
-17669
95318
80592
77248
-26741
3562
-93122
56098
-66237
-54926
-50303
23096
-34336
10082
-69270
-51906
-97297
-34350
91314
26859
-80114
-36154
-54329
46963
37043
86628
-18557
26226
-59922
58761
90698
-11372
-55572
24555
-91014
79963
-60262
-37713
-5465
10540
-94378
-99260
-75923
-70066
14286
-44090
95730
96460
-82751
-23176
-626
-88025
-78367
-51863
-69686
-77470
9808
94822
-89053
89
42419
70036
95282
-22331
-94868
-41684
2693
-58211
-57363
-82417
-67311
-38145
46446
-90259
-70613
-60562
76808
22284
2001
-40260
59761
-45517
79981
8689
-18120
82779
30156
-67506
45452
-54038
-92005
-19641
-62378
-46643
-32388
-2340
6294
40508
32539
82763
85234
32120
-86066
99720
59630
-5513
51884
87450
19096
92402
-59787
11595
15023
20943
-16115
13394
-97351
-31778
-52092
89198
7541
46696
10467
-6539
54168
-76687
97953
-17565
97073
-58246
85962
-6677
65429
-44347
-46323
-42657
-74166
29223
-68325
16095
-40665
22155
-80806
-73930
95875
41300
55741
-86705
69821
-10092
71107
-35324
65144
88465
23738
-35275
20146
-38997
51759
-44388
-5314
46088
58726
-25846
-51177
28638
19129
-5171
10927
-55774
-70630
82673
-56226
96874
74357
-66461
-41038
-45488
99983
2856
14556
56772
92765
-86832
-7227
-60005
-53201
-92715
-31704
-37135
99111
-57059
-25605
-10729
67914
-60133
87466
49340
77020
77190
-33207
95945
-16590
16326
-87519
97396
7199
69537
35669
83929
70009
66767
65700
-49742
-79486
16716
-46281
812
-70878
27354
-81509
31916
-50867
-31728
42746
-83137
-42897
17855
-78869
12448
55788
71919
32983
-11426
-89643
-470
67645
3019
-51961
-96837
874
62064
-24395
-64355
-38509
75261
91605
-53782
-80224
-21295
-1184
60416
-85177
68497
3427
-99459
33382
-1833
99843
-52475
-49746
-57508
-58996
-18873
-82398
-42096
48870
44881
-82884
88648
4170
84926
37208
4069
46105
67538
76034
64051
3422
-74960
22047
53538
-5496
-30573
88171
-340
8713
-88900
-25657
-66293
-46480
-33372
62253
-49242
66110
-57184
-74747
93494
-57785
-99732
-44743
32361
77752
-65636
-56577
88213
13296
-40970
-17242
72068
-18834
79090
-22186
59676
70047
98329
58786
13299
-26119
39781
85998
-38678
-38819
38061
-54939
60687
-58235
58812
46900
-97691
-29907
63792
-95499
41220
73682
-75508
-49321
67198
-31965
-49403
-3444
8136
96624
-46908
-96136
-83178
12153
-41131
-77219
-95024
88114
22481
-90024
-17939
1923
37248
-57187
-48081
27620
11721
17740
87664
-89457
-78239
-3774
-54880
-21531
66865
13360
-2562
-53117
40051
-70495
-28264
92395
62148
-46287
-89939
10920
-61085
48626
22459
63476
-33151
-66522
-53217
90584
-70252
71317
-67053
-74429
-1817
-4115
-64743
9663
-17228
-40735
-70416
-75423
-13389
-72979
12189
82191
-97976
-65085
4213
34724
-98042
36585
4478
60093
-63428
98084
-94583
-82624
-70410
55367
-1703
64168
-13347
62357
94744
28482
-73747
10091
-32005
28525
97903
66686
16131
3854
8645
42240
-81858
-93934
-62055
17045
55735
-32826
-4980
69690
-32224
44118
-56546
85195
35606
-21235
-79381
13693
33921
96340
1069
-43328
63146
15199
-7916
-58174
6437
29003
-68949
82800
-79784
96772
-53463
-5723
-29097
91700
-87029
58521
-83440
-95307
8017
30624
52250
-77612
39990
92959
-20695
94215
-34485
54827
-90085
84646
-77710
-81456
47288
-6220
-65222
93752
-53173
47664
70127
-61195
36267
-12291
-92624
7825
-88824
-42967
24935
-17810
-84289
-47592
53818
-22833
85592
28316
-96534
26136
24663
85148
-31788
10128
-2964
-54317
-46128
12475
-44493
31041
-52467
77735
21414
12893
71799
-74758
-33380
-27299
42842
48515
-93285
-779
-62965
-31950
-22732
68658
-99442
-1047
40972
89690
39060
-90379
21211
-62467
81913
84507
-31853
-85209
-75859
33582
-12440
70966
-52646
-12087
-65417
24395
-96987
-49600
47536
99521
-86264
-26577
-41933
59598
45251
59220
-19245
-67082
69929
28414
56215
-65064
-2529
41479
53971
-36518
26388
28762
-33123
83565
-94416
63176
-34873
56209
37538
-90386
-6814
-39262
-78176
-46043
-14252
8072
-48782
20462
-58865
27887
75914
-66621
-46414
-41914
-30347
39305
37869
52718
-52131
80452
-6321
-40387
-30054
14093
-39589
39245
15541
71233
-66917
-13889
-99848
-53184
95576
83866
-66383
-16429
-3966
-29435
23741
-16607
-92989
58697
7523
45817
-86776
54785
77873
-48799
-48994
89827
-80062
88377
-79319
-25159
26395
-91797
-7758
24923
-49497
-1359
-99218
-17745
97815
-22906
15898
40002
-34840
27716
35133
51329
17485
33083
-39428
6077
-29653
62276
-70195
-24992
57570
84046
31198
59489
-80454
-49358
-93374
-94314
75569
19064
-64933
-43500
48920
-15245
-17464
-9051
79116
-64038
41871
-37148
96217
32982
26145
-39831
-83383
77498
-78618
-94426
-48262
24236
69785
83278
-43746
-75342
99508
69195
8516
24402
95022
-27112
-74194
-57311
81095
-14476
-89728
-72237
-94113
-78711
34598
34027
-94277
-59191
-24744
-73552
34081
-60890
-10598
-74349
39426
36384
-99553
-11201
-52132
-63652
-2469
98700
27983
74919
-33628
-67154
-50996
-29169
81112
-44613
6217
50513
-22254
-49606
-41387
10971
68548
4348
25987
86105
-5805
-47609
-95204
-30613
37393
-43420
-68874
-49223
77214
-33963
-96969
-68064
11789
-71171
25903
66567
60850
-64815
55433
97350
94273
-86591
68632
35791
84990
-38912
92701
-52422
70582
-2477
-6682
88779
1426
-42107
7604
-54762
19459
95023
-1262
31552
-67188
62344
-12212
28132
-4230
5270
56138
68676
-20873
67690
48343
-4874
-44944
19322
98398
-3648
49253
58461
29726
63312
-38743
35233
64440
9191
21122
69816
-67483
-30195
86598
74552
7774
3683
-59701
-24104
24447
66098
-78144
-4698
-27971
82968
13739
51319
30528
-37041
-23126
81995
70336
-82944
57115
45092
98956
-12781
27866
40913
41333
38959
87431
49550
-25168
39828
-97030
40504
-92106
-28453
76268
28605
-49979
15662
-60
-57828
77133
28746
93892
-22997
-10764
7635
7971
92221
67676
73286
19417
52655
-72342
-93017
4649
-72962
-9192
46592
10424
-89916
17175
21533
-52778
32095
-84744
-58626
-27631
32460
-29568
9376
-78859
10107
26965
3845
-66434
-70917
72112
-7228
-83556
84454
48169
89369
-78630
64482
29879
95097
90031
-75041
44820
83570
86439
-79004
44410
1506
66298
-10306
-21015
66772
-86577
-99156
-27175
-12246
-60399
81377
98567
72186
93871
79634
-68225
30572
-60629
73734
-9450
21455
-87407
74361
-29445
41626
38916
-75010
-65584
-37849
-59985
74232
-87071
78559
72057
3281
60661
99358
-54513
-44158
2418
52752
85456
-89878
-35587
-6442
87744
3239
-71192
72308
-49259
3941
-40988
-32106
-53025
-75499
-87453
17793
35346
-93391
19491
-92066
72030
-28732
65357
5910
-21858
-29060
-15169
-87951
-76986
32537
-14532
47650
-38596
32647
-99265
71454
-45693
93702
10694
87489
82768
707
-39104
64428
-64797
73776
92699
51645
9687
-68037
-15614
63053
43484
92354
47069
79584
-964
21839
69696
-88145
76193
-25391
-77986
-96270
99136
37639
81651
46890
-31866
43817
-34837
-95609
-66880
48340
-22066
-9681
39521
-2621
-33832
80266
-9481
-96680
83736
-76859
-486
-32998
91887
-29702
3670
-72423
-46940
2116
27228
-69521
-20596
96974
71114
-2609
12256
-34659
-33796
1730
-88869
63375
1753
64668
597
-13664
-37217
-61740
-70450
20774
66646
-80714
-89057
-20808
-28449
60624
11665
-40407
-94083
14398
-81482
-86353
7058
91438
-35822
16581
30759
-30095
9046
-12601
-53123
-25010
-28714
-15238
92779
90116
-6896
-1652
22444
-46108
11387
-63869
-25269
-67948
-70922
87280
52872
32069
-22564
12344
31460
98364
-448
-54642
88631
-86623
-8582
91108
-20486
10756
-56349
21297
55830
88903
57704
46990
82114
-36936
76309
-69888
55324
55060
48623
19573
46671
15505
32079
86724
-60882
-33792
21786
-99023
3882
42650
-45219
-1599
-30398
62907
21144
-11599
-73255
-69230
31797
-53638
-76619
47146
-23444
-30220
10577
-50910
-8935
-19056
11892
50804
-17340
84874
4441
-77083
42092
25287
-20896
-73008
-60655
-85869
61814
92321
-30922
-51388
67844
25279
28781
-29074
61820
-2130
-19242
8041
25168
-52359
-83557
78160
10383
-36118
-2155
68754
-3463
62455
-56247
-20387
-56743
53913
99475
-5581
-55964
92798
78369
8693
-63322
75292
20511
89722
77024
-613
43662
48306
-54102
-11293
72047
-4022
15948
76352
-60563
-307
26377
49556
57048
-10416
30365
-85364
-73896
-65312
-45868
13516
1225
35062
35419
-49467
78132
88326
34468
60951
-32236
-8361
-60092
-84294
49724
54936
-77201
-2786
-64349
-95850
-77446
79461
-64596
-14756
37397
79930
-26097
-77535
-90421
64664
-75030
58436
-49448
-50032
-2232
-49885
-12233
-15291
24380
-17293
32628
5693
44114
-10422
27749
38311
-16944
41700
-35549
1335
80500
99878
-23374
8789
86675
69952
-54688
82354
-16910
64379
28641
56210
-78815
60644
-6181
-11994
4484
25027
73606
69254
-84192
-26840
27844
-78819
94184
33518
21452
-64877
-82475
64069
32797
74812
-78191
-1106
-53130
-83866
-48666
-41058
-91466
81020
-81223
80974
61835
42024
46424
-64444
17332
99329
-10504
-55768
58792
-47426
90232
77237
73217
4227
77854
76186
-26738
-7585
47001
-31672
-99430
18416
-17629
22941
53838
36627
76856
17653
-87680
72340
90331
77766
84089
-18694
87776
69980
10040
89640
-11289
-78749
-81349
-87030
-70563
-95526
-69934
-25262
48332
30795
-36312
7400
6308
-75429
29374
91408
96679
34920
-66123
62002
28798
-98724
46557
-48558
-46803
49843
-38740
95571
-55798
-19146
-74690
-51530
58429
-89411
-47688
-26836
74453
-90575
79232
-39759
-90316
-51734
-43425
84629
-58021
-67987
-47450
38967
-61427
57504
-94060
-83198
-39054
-67332
35809
23789
94552
95492
-68123
3579
37726
41096
21843
91929
-89881
46770
6160
-35663
75321
-7242
-30165
13694
80443
-74106
26770
-94996
8648
9597
-39298
-39337
45169
47812
57133
93182
87317
33515
-57642
-49758
-13672
67195
72389
-58187
92683
2556
16567
-60886
12361
86273
62920
-40648
-16034
11657
-75059
84917
-83335
46224
30495
-62522
94190
-67337
-95591
-44848
93179
-53610
-97421
-66436
34216
82549
-33219
-85723
-34123
48125
53023
78445
-14380
-90310
64000
-24328
82309
-76912
66849
-15968
-27514
79055
48676
11073
23159
-30023
82872
-17545
-84482
-38183
10136
89114
-31995
24596
-45783
73703
-59916
48630
-54103
-31935
-54383
-40884
-48554
-54573
-90255
70880
25185
92534
300
-96056
10123
-7361
14873
-30818
-88754
-60539
-1236
8675
66717
68535
42011
66087
-17566
47337
-61125
67302
-10593
-85760
-71517
59155
33753
-41654
9847
-42421
-43084
94440
94784
-89047
-87774
-54620
53691
-18117
-11511
-93529
-37221
-46962
53742
51051
-9814
-76254
-89604
-67193
-41412
95136
-26395
84399
-13525
-34726
-57327
87014
41363
-6984
56196
-17673
67213
95956
-22445
9136
-40870
-97697
-71010
91154
-98512
-65486
19297
-36790
-34147
-19395
22568
86903
-84100
76782
-37788
30689
-86585
-68237
92270
-3278
-35327
-61563
8177
59841
23017
23737
5747
-29069
-81432
-14819
-40561
-81465
69149
-12852
-81436
-96875
66228
-33620
-64278
72923
-39669
-62288
-16003
-2819
84229
7155
-57180
61963
-37893
91547
-30511
59674
-46046
-97910
-95894
-59007
-37376
-39321
91810
75683
7389
-7015
39599
-24766
36658
-19885
88453
-51760
82840
58119
95351
-24273
-71746
-95428
-25662
-51483
-96931
-10955
-46434
-27246
50784
-96115
-86798
67917
-97660
59471
12163
-34728
91152
63166
63207
-11760
-30128
-634
-2164
71359
20082
22669
55508
80696
-99334
-40496
80776
78918
-71229
-75764
-94027
67993
-59017
-47212
89846
-38641
55138
42635
-15400
-17425
-23338
24816
8048
58962
37440
89339
98100
-25385
-4032
-55584
21115
85876
-63773
-40092
-15627
-88353
-90317
96212
67084
20503
-47845
24735
892
-20084
57138
-10794
-30615
55844
48801
-43988
10546
-93301
-23681
97634
-43204
35693
-95354
-15709
64673
-919
-75084
65768
-78636
-65105
3915
-88776
-51491
-43555
66902
-67411
-72089
54030
-60263
-96480
57318
71113
-16445
-72993
-33813
37880
38051
98079
80730
17667
-782
-17178
22096
92842
52155
-64922
-51273
-10129
40567
-25883
22676
86888
29145
75141
-81907
34132
92669
15833
15808
30164
-76967
-46752
21807
23373
-35290
-74258
75045
-34043
-8682
45136
-92936
-13319
-23361
-40815
28921
70789
81992
-62261
-46509
-49750
-24583
-36549
-47070
65557
-42097
74007
6300
19132
-61794
54584
77798
84835
-71459
-43683
81148
70355
58411
-74840
-55063
67826
-87551
-2854
49128
-82698
-72371
43304
64055
20367
-76505
-83377
25054
3600
-46702
10890
-59107
-18382
-65640
62748
96687
61426
-51718
-41932
-99056
-51021
11277
55591
26115
8328
29554
78198
-7038
-1574
-65345
41291
57478
-96083
-80917
6963
83553
-69077
23195
69166
-2997
-36035
-42531
48033
-51236
-79612
-32811
58125
-43515
-81359
-91591
-68579
15695
-57923
-50681
-92776
35113
-64832
65907
-47570
705
666
239
94687
-39442
8805
21392
75695
41431
-61585
7750
34330
-88042
19673
29654
-47949
89969
-84460
-53595
-13161
24830
80280
19384
18738
-4175
44375
-10946
15126
7105
99801
-93383
98441
-30434
91976
93655
-33707
12921
-38616
-21130
93701
89027
-88504
98365
-88399
-92658
29315
14469
70463
61609
-90050
-65141
-67289
48769
-58568
40380
-9354
39845
-29645
-97276
-97516
-98550
-62413
-90034
33890
-14779
55681
9383
-23231
96171
-88576
10707
-32966
-66445
-34740
-20449
51381
29839
3372
-58906
-5603
-28922
-10020
-86581
-47060
-68315
24116
45366
95810
88506
46334
-50061
15786
-65044
-27084
60500
98543
81734
19371
-76635
22953
-35418
-25293
-82419
-39616
51025
-21109
45704
44584
-6889
-97204
1427
23654
4005
9393
-68243
-31061
67830
59386
-95301
49930
51406
-569
-2111
-33998
4431
12828
51153
98121
-68578
-74201
-95582
54837
-85862
-18298
87139
-99475
32078
35479
-35113
-96151
-30746
53524
71032
27721
-83516
-83280
5787
-20681
-76226
37646
78720
45441
92144
-47284
-89809
81151
-82547
-49240
63685
-90401
-20945
-11767
-38595
-18621
-52948
-26019
-9836
48243
78645
-60497
-43887
97359
5345
-76501
-20869
81520
-75240
-88444
-12884
-70077
-12475
9750
-87645
22804
-6993
-22656
-59620
93125
80489
-154
57945
-89417
2184
-91637
33981
-54551
92116
85183
4760
-78700
-60775
1994
54504
-86303
76404
38284
88650
-64274
-34306
26937
83702
96752
65216
39547
92862
15774
-54349
66859
-60918
-37419
58197
-71906
66115
-93438
-53777
-92976
-4670
-20214
7854
-750
-77146
-26073
39595
-76172
97971
-68385
-9771
28904
90194
-42168
26712
-77568
44640
88973
18652
-16218
-42578
70686
22609
-11049
-65328
-18789
-50202
-34943
-51533
68913
34434
-76992
40724
-73807
23458
8733
-90088
-50770
29140
-24174
-90941
957
82248
55822
78005
95105
96894
-43044
16114
14257
55911
6811
-50849
-53477
56339
-38440
-31505
6243
-84953
92349
-57117
-60034
-5664
-66564
1019
-84441
51599
-42998
-26533
-93818
37760
16109
67200
-56723
-32991
66111
-736
81660
14375
80548
91430
-27511
-48336
-65722
-49365
98229
-53035
-41303
73442
34088
-31465
20452
92613
-41366
45101
89274
11851
-29625
-25648
-90945
36352
12096
-26785
37443
38214
91807
-34107
-94913
-78369
-83484
84382
-83994
42507
-67843
28672
30927
-46395
-96774
-45998
53592
-59995
-23437
50383
31112
64771
-30950
28833
-16125
19189
6039
54341
-27986
-9926
-62537
-49034
46821
-36395
-62491
-50616
19702
68253
67291
48575
-83869
18593
84266
56393
-97925
-73735
-73646
-65826
86935
12349
78299
70044
-56859
43544
88724
-85101
74929
-78895
6381
-18169
-51893
15057
-79419
-55378
-12551
39981
44575
53927
-42986
-60761
-3364
87278
-26155
13860
67018
29701
-72801
-62145
-34046
-37359
20244
-88173
-47342
-14280
95530
-54246
-58898
-47784
-19406
-99775
68936
99892
41159
97460
49739
82392
77711
-29040
-81605
93839
-54529
68938
54890
-96702
-9443
-34997
25506
-8618
-30355
62190
85313
-64798
-45093
-2052
92550
-77091
-14281
-3680
-9684
33971
-44660
-32192
13548
-91549
-7372
-49671
-11777
15143
-65329
-24185
36793
-52126
79404
-93129
58035
28176
54558
61775
36835
-81645
98616
58124
89045
-24574
-74968
-86912
-23019
-43361
-79377
44066
71776
87332
82249
9027
-56765
55874
-84156
-40082
-21535
-52852
12223
-24942
89278
-1357
53252
-40149
-77896
89999
13496
16220
4432
55248
20288
94446
-91090
81471
-37761
-21817
45950
-92257
86435
-58671
-91678
12068
-27201
30567
78691
76663
-87417
90296
-90995
13384
-43799
66429
10779
-54262
30727
-6393
-37940
65033
26467
-70338
8965
-66176
20514
-78188
-96717
11371
-83975
-38903
11311
46663
85939
10183
-63704
-82642
71924
37540
28806
41614
-50266
-91327
98895
-6521
-551
-58362
92159
-88028
94131
-33003
-94836
-94435
-62814
35323
83529
-26453
-12406
24139
44681
-47656
-43733
-94536
-17298
75049
-84092
5783
73794
42738
31714
-50553
-8073
-67013
4369
61370
-18377
-70982
92770
27081
9651
-8806
7206
-50567
-78836
25107
-79856
56521
-81402
-47992
59675
87017
91906
-12558
-81782
-1253
-70130
-8058
-12435
7338
82571
-76053
-59200
80545
29757
96871
46672
-82597
-22390
17223
59965
-14461
77989
-13522
-33737
93657
9780
49980
11725
38920
52554
4130
-57404
-22635
-619
-73106
-46269
-74759
-98110
99179
88578
-93471
93475
-76375
-92867
-62181
-26107
-11455
28751
37327
-94258
-1329
35129
-16858
-49169
-11820
-32105
77361
17568
-10439
8917
-54603
-81763
4066
-52595
-44634
11568
-16555
70618
-69442
10510
53659
-9793
-39295
-69904
-33086
-32234
-39652
-52932
93272
-34379
-5862
-20557
40271
34034
-23002
-67138
-59262
14227
40835
-47931
-15873
86756
43261
59430
-46476
99853
83412
71370
-67039
19946
-44097
-22764
-61272
33857
57667
88281
-69928
49660
-30064
-16845
9628
92753
-57464
856
29418
-41536
21272
32665
-89176
25522
10007
-1637
-27678
94000
-42602
9250
33494
-42035
348
88791
-37047
-97631
13497
-91987
-40755
-22321
-72873
67662
-38167
34873
-86575
50475
46643
-46286
51731
64927
-93889
1950
74638
47357
39817
-89168
70763
-65661
-59649
-36399
26100
-47938
-38745
56139
36388
-77394
3832
-55128
40833
-40481
6557
88815
-56539
12844
-43765
77204
9669
30965
14861
68612
89447
9573
8926
-11776
-28370
42705
73273
-67676
54572
38243
94495
-88096
-68339
-4784
99696
40499
29750
-85470
80583
79035
-31259
84070
-21738
52069
-29417
85390
-4950
-9653
-45091
53180
-19201
-43568
60862
56596
-32257
-90789
91686
-73262
98146
82817
-11308
-73588
10553
-80759
22282
7047
82390
91996
4124
-86002
79190
-55939
-24951
79637
-18451
91610
83674
-34920
75762
17116
-61683
-31887
-46833
42370
83687
7368
83714
-31647
-17651
-70388
38529
62742
3020
9744
65719
-60014
78322
33489
21968
-56957
70362
16864
20661
48428
93156
75464
-30214
-45270
-96099
73196
-59084
49438
-72360
-40113
-88275
-8868
73564
-8950
62599
-82413
26642
56390
-96253
61591
-65520
-12029
55565
-14718
47241
-8508
98072
62113
19903
79545
58122
6147
-76066
-28812
-39873
-39477
-86678
-34624
-70532
-75101
-45996
-3520
8296
62328
52009
-25635
26919
-38725
-78025
-70860
49532
-89366
27159
-76228
-75318
7006
34960
-85006
-96790
78308
66977
18902
-68124
38572
39559
12518
-83649
1610
20754
40160
99467
49861
44884
28707
-60342
87725
48903
35170
-11968
-80159
80602
-55438
67926
14512
-94460
25589
-2899
-5209
80872
-72276
-66755
-90204
55674
-55275
-75370
-12337
-50876
85498
89794
17145
-48112
40262
-53797
76889
-74179
62319
-22608
33503
-28480
30467
-21304
39188
-25937
3162
-83372
-17070
-43412
-84328
-57004
-66771
64884
-47209
50687
-58364
-66208
-31605
-39550
31925
-46511
-1206
34904
-41975
-44411
97243
4256
-98533
-2969
69484
-3715
6279
14234
-48691
63645
46940
-47312
84284
91677
-55153
56891
63920
53733
42965
-47990
6793
97668
70148
-64072
47607
-65063
67965
79218
-34918
-86296
79442
-26493
-33995
12405
-33742
-7016
-58217
21996
78860
61451
38422
79391
-48508
34812
-8513
-82893
71569
-77938
-45379
-686
10802
-37505
31200
-17975
-47750
6660
-79091
90476
34492
-43422
102
82032
-94693
-81164
-55845
89620
-27823
44238
-90223
44849
-28238
61776
31670
-90990
33530
-72545
518
70192
76695
-69792
50592
-89334
-62182
-21227
81710
45414
-64182
36570
-64347
17012
-30124
15702
-84253
-58089
99777
85338
34178
57419
-14134
54487
52483
-87710
-63003
81285
33974
-5006
56479
13204
-75515
31954
-89609
-21253
11145
535
33623
61033
-54662
-29789
80566
-97790
-52987
2314
74870
-47926
-37689
86922
-41870
-55943
-55271
13358
49211
-11412
-22685
-52611
23756
-11796
41433
-70785
47563
-90193
-18027
53308
54192
-15607
-83303
-38866
62326
69107
-66117
44790
12200
-34695
-97426
-8791
75258
34813
66845
-6497
-95616
-37662
-80431
-35751
56037
-48599
42679
57025
62248
-39071
32783
54259
77748
43870
-94814
1236
39650
66757
-35122
29706
-67969
-79897
27657
-77228
73726
25358
-63746
-78452
65102
21334
-72227
66839
47438
29272
78647
33541
92644
-73359
53321
-26414
-75302
-26007
-36063
95015
-35528
12198
-26805
93542
39433
-77764
-44273
20185
-93995
55927
70380
-2578
64065
-24424
38375
-73681
-28962
29719
-96411
67900
38099
94518
-95961
-17206
-43088
-91507
34615
62932
-3346
7158
-49107
79013
2189
-10827
-87329
2896
68879
3823
-96468
-75288
-85693
39727
-44131
22846
-61731
-78321
58130
-39614
-30543
77095
88652
83177
11105
-80984
-79992
-86039
88438
40177
41840
-99318
88047
98805
-38766
62471
79721
-26375
-25833
9105
-75715
-14734
-95068
75096
94388
49199
-64256
-63646
-32703
-57084
71913
99299
-349
92607
13921
-98493
-1777
-39952
-21092
58335
-67532
-57937
22525
24685
83958
1154
10826
-77356
28088
79567
68728
95046
68214
-18369
-80847
-43478
-50654
-59301
-69603
-42279
-67336
-89845
582
26301
1998
-59123
85373
92264
-3915
71170
17024
87446
91742
-92216
36698
56912
-73532
17022
7413
66950
54722
42864
-22197
75664
4799
-83908
-87605
79765
-72878
6941
-35804
-49386
59510
-71634
61634
-91631
96414
10856
26465
-48351
47908
55399
-86271
-88046
-43871
-23784
2255
-16182
-10014
-17427
57264
-25371
-73286
-95909
-4083
9534
25660
73946
97231
-89673
62672
93549
-8422
60536
82966
-35156
93225
74832
53686
-24282
-80304
42219
12372
-12312
-94888
-4125
-94436
-69560
48228
92337
-16684
97092
75872
-8461
40661
-6040
73347
-43560
1757
55996
97529
-78246
-64597
58503
-55175
71731
9501
-73743
-92280
-56049
-89790
69483
23165
3165
96394
91713
-32139
-82525
22457
-51928
98283
-62508
31700
62600
-8784
-6568
-46366
-30390
-51398
-28071
-70309
40745
66939
25047
99263
95082
47789
-21403
6401
82615
-6221
47009
-80870
-36632
91616
-94034
-32109
43576
-61399
85087
13403
96201
12218
-48046
19758
10292
-9280
-12633
-16901
-47029
22
-61601
-93170
-73606
63892
-37183
50965
-7658
-96347
60301
-74385
-38741
-60868
-67869
74083
-72822
-8052
-15491
-528
48016
-90711
-32957
-77198
71220
-86717
-11336
-43146
83941
66672
2910
-81421
-53155
77144
-85191
37430
78400
15954
-64092
54888
-9603
-89112
52163
84572
79809
46033
62981
82756
-96358
23231
-68112
-91339
-2501
-72626
-90843
32522
-29194
-11726
2569
-76670
-5051
68095
-95659
-92165
-14758
35467
-42322
-52033
35720
26304
15979
-84665
70241
85737
-37533
6070
52289
47284
-4172
70793
-31019
-78057
-32445
13105
-37708
-65091
26425
39580
-85937
82357
-49375
-52755
36367
56556
66121
41665
81048
63815
-2620
74868
18508
-58380
38393
-39045
-74409
85446
-26382
28465
6992
1228
5265
38577
43899
-5149
10849
-2440
-88695
-77249
1704
-13297
40054
-14180
-14558
-4272
45405
-40846
9700
-62002
56499
42390
-27797
43579
3885
20935
13276
-73381
-35520
-14211
-62391
93500
-48161
-23182
92044
-5162
8237
24780
-33831
-63850
22892
-62042
-77927
59879
81092
69781
43582
7620
-67855
-41949
45398
-84262
83771
-4151
38500
-25911
97254
29291
-11881
81257
42289
-27859
-84488
93947
-84188
-66539
26979
41361
34372
-17473
17851
-73713
-74274
42850
76456
58719
-26653
9167
73418
-90641
99025
6214
-9866
7770
-1205
-71064
-7926
38346
-18721
-21907
-67501
70296
-20720
-35566
37689
-66004
69898
-26706
-4265
32776
52647
8398
-68307
53329
8908
7587
-89550
53768
2341
77125
80382
-34400
-93288
85520
64142
59298
-20067
-33021
64112
18282
-69379
-76065
68518
-38469
-66956
-46420
28362
25471
-50085
63644
-92935
-93033
34311
-1339
-59695
27857
16018
13467
-47078
57608
63306
53245
-97425
-72700
-27516
-40921
41973
71352
-93521
-75191
57892
69518
16330
-11811
-18047
43790
-72197
-4603
-12012
81691
-73793
-33523
69979
-11345
25593
93451
-58693
25837
-21127
-45013
-16130
-66607
-57674
59892
-4420
-26171
69540
-2887
96474
65973
97753
49180
93598
79054
-553
66764
-94989
-5659
-11802
-304
-31431
71997
18852
30185
-92379
-92551
-55590
2317
37599
-29003
21690
43702
-91627
70194
70838
76871
-87133
-77185
97016
67049
-45002
-89449
95798
-75195
45954
-75939
14809
-95392
-4528
47625
42897
-30125
40390
-98107
-41406
-22232
-19282
-96277
18244
-13127
64205
65148
56895
13820
11496
53259
31665
44947
-12681
96722
-97930
-72673
-20433
-55944
506
-68091
8816
12391
-80429
-54441
62205
9416
10964
-76592
78520
-34276
82044
-57367
23036
53692
65781
-50415
803
-90912
-14082
59663
-12395
73296
-90899
65944
71321
57181
-30045
-15210
-67571
32036
20113
18171
-86631
-57526
-66107
-43694
56981
71360
-7744
82583
90437
53626
-49873
38895
18035
-65901
38995
-43302
-11478
-51829
-11865
92918
-64152
88492
-26058
-82263
-62516
-77882
35016
-13342
-42077
-83289
-26062
69728
-86021
-6865
-1592
71628
69922
18723
-726
-62039
43255
68020
65374
-29498
-93638
6735
-43798
-57470
-2808
74134
-69807
-57640
-12261
-80925
73742
5011
-44737
-36342
64494
-23973
-31520
29408
-67630
33196
-16828
99682
-51072
-47157
44326
51011
64644
-62488
-22832
-83043
5882
-61237
13933
54813
71150
-9012
20290
-89013
79366
-88312
-26498
17959
88877
52828
76546
26510
-8311
63854
-95253
91278
63114
-78546
92210
-4156
67891
2977
-23839
-94736
-84914
-57251
-79068
15903
26736
-89321
17767
-7250
27824
82793
40563
71621
31703
88054
-87764
42261
-31882
38476
-13299
-46991
-62201
65032
-55231
17193
27662
-16643
83113
-59733
84661
65380
4132
-93592
96077
24497
-59379
45068
-56076
-83170
-23603
-63751
-24171
21680
5539
-51904
-19689
43200
-8845
54569
88584
-76504
-46713
15253
-92567
60287
-98104
18300
-86472
-18140
23493
-56114
-2357
38111
-19881
64304
-61415
20780
44963
35942
-10443
-65758
30109
-86760
71555
-42906
-66002
-27051
-52526
-28557
-79682
49863
32233
4557
-22362
-61210
85009
10685
-92499
-49990
73642
-51991
71839
-4
86282
-518
-346
78246
-99886
-66596
61536
10102
96790
-74004
39610
-17678
-52205
-80069
-23558
10187
-95296
34921
-11997
-63981
19533
-63609
31306
76157
34147
-6645
11637
86496
-74220
-56954
10989
6459
-87252
-32345
30341
63849
-63225
85888
-37548
-6064
-2939
-56479
-88234
13676
-3262
-57700
54119
18762
-45980
-49811
-81512
-45875
10836
-13732
-31790
-80468
7554
-20175
-68074
83354
-95958
-71327
-94769
30275
-32809
-93569
17652
95511
-84826
22429
-41401
71219
-65866
43954
-36804
82843
-31693
82908
33357
-74494
49129
21955
3738
-14126
-53781
-8936
-86580
98832
80604
-28562
-59891
-91818
35516
-7172
19541
-35560
-30116
-13245
72928
-10580
81334
26855
77791
-8163
71102
70794
-26616
67704
-72776
-20307
48582
-50699
21446
-99428
23831
16385
-16955
14566
83829
82197
20142
-49366
-24659
54973
66218
85872
10753
-27218
-17449
-43070
32089
-52912
64148
96207
-77793
63127
42527
-79954
-31721
-17568
-758
68207
-57411
-79870
61140
-89030
12940
-42546
-43529
6457
68892
40806
58877
-19938
-3787
28122
-39516
-96985
-91850
-46120
-57551
69080
38691
-90748
-70646
-55726
-7575
-57384
4585
2793
-15047
-44653
38365
39120
75371
-99314
21654
28193
-60887
-33411
-25091
-36037
57344
-13597
-52708
39277
-56172
21396
65851
84997
82501
-85764
-91302
78063
34045
19289
95406
19608
26896
54982
-65316
78190
-66236
-24029
-13906
85170
-90700
-22498
-99950
42504
-99749
66433
-79845
-31044
53265
-14910
40804
37601
-96735
-96657
65119
-32895
12957
-60659
-17195
9249
-64649
-27975
-87978
-32954
37500
-38460
6093
-99001
83639
-90790
-23097
16
8482
70974
-80010
-22540
-60205
-21599
30264
-6966
17039
-45777
29566
8749
-45516
-53500
-46094
-64931
-15785
76665
-38199
94720
59110
-82844
26414
-79049
-65563
18848
76655
37627
-69030
-6707
-87263
-83051
65205
52138
37572
-38603
-45346
87093
91646
9627
58146
13024
90153
-72887
-75668
-37702
89737
-50206
17036
92281
-19328
-78438
27796
-88106
-98284
70970
-46457
-8984
54328
-11075
-99591
80538
-67063
60085
78479
64499
-54078
76499
60852
96915
-13447
-71276
-93790
-12374
-22794
637
87526
-81429
-43004
-85772
57737
-69850
27988
-73301
67222
63864
84529
-60314
87820
38970
68244
-65121
-39526
-64518
13620
-57115
90370
-82915
75155
-82731
26506
-70579
-22892
63492
-58052
-98428
94591
