Addition:
[1, 2, 3]
[3, 2, 1]
[2, 1, 3]
+
[4, 5, 6]
[6, 5, 4]
[4, 6, 5]
=
[5, 7, 9]
[9, 7, 5]
[6, 7, 8]
--------------------------------------------------
Substraction:
[1, 2, 3]
[3, 2, 1]
[2, 1, 3]
-
[4, 5, 6]
[6, 5, 4]
[4, 6, 5]
=
[-3, -3, -3]
[-3, -3, -3]
[-2, -5, -2]
--------------------------------------------------
Multiplying:
[1, 2, 3]
[3, 2, 1]
[2, 1, 3]
*
[4, 5, 6]
[6, 5, 4]
[4, 6, 5]
=
[28, 33, 29]
[28, 31, 31]
[26, 33, 31]
--------------------------------------------------
Division:
[1, 2, 3]
[3, 2, 1]
[2, 1, 3]
/
[4, 5, 6]
[6, 5, 4]
[4, 6, 5]
=
[0.7000000000000001, -0.30000000000000004, 0.0]
[-0.30000000000000004, 0.7, -5.551115123125783e-17]
[1.2000000000000002, 0.19999999999999996, -1.0]
--------------------------------------------------
