add:
[3, 4, 6]
[8, 10, 10]
[14, 16, 11]
sub:
[-1, 0, 0]
[0, 0, -2]
[0, 0, 7]
add:
[3, 4, 6]
[8, 10, 10]
[14, 16, 11]
sub:
[-1, 0, 0]
[0, 0, -2]
[0, 0, 7]
add:
[3, 4, 6]
[8, 10, 10]
[14, 16, 11]
sub:
[-1, 0, 0]
[0, 0, -2]
[0, 0, 7]
add:
[3, 4, 6]
[8, 10, 10]
[14, 16, 11]
sub:
[-1, 0, 0]
[0, 0, -2]
[0, 0, 7]
add:
[3, 4, 6]
[8, 10, 10]
[14, 16, 11]
sub:
[-1, 0, 0]
[0, 0, -2]
[0, 0, 7]
add:
[3, 4, 6]
[8, 10, 10]
[14, 16, 11]
sub:
[-1, 0, 0]
[0, 0, -2]
[0, 0, 7]
add:
[3, 4, 6]
[8, 10, 10]
[14, 16, 11]
sub:
[-1, 0, 0]
[0, 0, -2]
[0, 0, 7]
