add:
[3, 4, 6]
[8, 10, 10]
[14, 16, 11]
sub:
[-1, 0, 0]
[0, 0, -2]
[0, 0, 7]
mult:
[31, 36, 21]
[56, 65, 50]
[109, 126, 87]
div:
[-1.2352941176470589, 1.176470588235294, -0.176470588235294]
[-0.35294117647058953, 0.7647058823529408, 0.2352941176470591]
[1.235294117647057, 0.8235294117647045, 0.1764705882352946]
add:
[3, 4, 6]
[8, 10, 10]
[14, 16, 11]
sub:
[-1, 0, 0]
[0, 0, -2]
[0, 0, 7]
mult:
[31, 36, 21]
[56, 65, 50]
[109, 126, 87]
div:
[-1.2352941176470589, 1.176470588235294, -0.176470588235294]
[-0.35294117647058953, 0.7647058823529408, 0.2352941176470591]
[1.235294117647057, 0.8235294117647045, 0.1764705882352946]
add:
[3, 4, 6]
[8, 10, 10]
[14, 16, 11]
sub:
[-1, 0, 0]
[0, 0, -2]
[0, 0, 7]
add:
[3, 4, 6]
[8, 10, 10]
[14, 16, 11]
sub:
[-1, 0, 0]
[0, 0, -2]
[0, 0, 7]
add:
[3, 4, 6]
[8, 10, 10]
[14, 16, 11]
sub:
[-1, 0, 0]
[0, 0, -2]
[0, 0, 7]
mult:
[31, 36, 21]
[56, 65, 50]
[109, 126, 87]
div:
[-1.2352941176470589, 1.176470588235294, -0.176470588235294]
[-0.35294117647058953, 0.7647058823529408, 0.2352941176470591]
[1.235294117647057, 0.8235294117647045, 0.1764705882352946]
add:
[3, 4, 6]
[8, 10, 10]
[14, 16, 11]
sub:
[-1, 0, 0]
[0, 0, -2]
[0, 0, 7]
mult:
[31, 36, 21]
[56, 65, 50]
[109, 126, 87]
div:
[-1.2352941176470589, 1.176470588235294, -0.176470588235294]
[-0.35294117647058953, 0.7647058823529408, 0.2352941176470591]
[1.235294117647057, 0.8235294117647045, 0.1764705882352946]
add:
[3, 4, 6]
[8, 10, 10]
[14, 16, 11]
sub:
[-1, 0, 0]
[0, 0, -2]
[0, 0, 7]
mult:
[31, 36, 21]
[56, 65, 50]
[109, 126, 87]
div:
[-1.2352941176470589, 1.176470588235294, -0.176470588235294]
[-0.35294117647058953, 0.7647058823529408, 0.2352941176470591]
[1.235294117647057, 0.8235294117647045, 0.1764705882352946]
add:
[1, 2, 3]
[4, 5, 4]
[7, 8, 9]
sub:
[1, 2, 3]
[4, 5, 4]
[7, 8, 9]
mult:
[0, 0, 0]
[0, 0, 0]
[0, 0, 0]
add:
[1, 2, 3]
[4, 5, 4]
[7, 8, 9]
sub:
[1, 2, 3]
[4, 5, 4]
[7, 8, 9]
mult:
[0, 0, 0]
[0, 0, 0]
[0, 0, 0]
div:
[1, 2, 3]
[4, 5, 4]
[7, 8, 9]
add:
[1, 2, 3]
[4, 5, 4]
[7, 8, 9]
sub:
[1, 2, 3]
[4, 5, 4]
[7, 8, 9]
mult:
[0, 0, 0]
[0, 0, 0]
[0, 0, 0]
div:
[1, 2, 3]
[4, 5, 4]
[7, 8, 9]
add:
[1, 2, 3]
[4, 5, 4]
[7, 8, 9]
sub:
[1, 2, 3]
[4, 5, 4]
[7, 8, 9]
mult:
[0, 0, 0]
[0, 0, 0]
[0, 0, 0]
div:
[1, 2, 3]
[4, 5, 4]
[7, 8, 9]
add:
[2, 2, 3]
[4, 6, 4]
[7, 8, 10]
sub:
[0, 2, 3]
[4, 4, 4]
[7, 8, 8]
mult:
[1, 2, 3]
[4, 5, 4]
[7, 8, 9]
div:
[1.0, 2.0, 3.0]
[4.0, 5.0, 4.0]
[7.0, 8.0, 9.0]
