[5.0, 7.0, 10.0]
[-3.0, -3.0, -4.0]
[4.0, 10.0, 21.0]
[0.25, 0.4, 0.42857142857142855]
[5.0, 7.0, 10.0]
[-3.0, -3.0, -4.0]
[4.0, 10.0, 21.0]
[0.25, 0.4, 0.42857142857142855]
<__main__.Vector object at 0x000001AF04CA3D00>
<__main__.Vector object at 0x000001AF04CA3CA0>
<__main__.Vector object at 0x000001AF04CA3C40>
<__main__.Vector object at 0x000001AF04CA3BE0>
[5.0, 7.0, 10.0]
[-3.0, -3.0, -4.0]
[4.0, 10.0, 21.0]
[0.25, 0.4, 0.42857142857142855]
[5.0, 7.0, 10.0]
[-3.0, -3.0, -4.0]
[4.0, 10.0, 21.0]
[0.25, 0.4, 0.42857142857142855]
