div:
1	2	3
4	5	4
7	8	9
2	2	3
4	5	6
7	8	2
3	4	6
8	10	10
14	16	11
-1	0	0
0	0	-2
0	0	7
31	36	21
56	65	50
109	126	87
div:
1	2	3
4	5	4
7	8	9
2	2	3
4	5	6
7	8	2
3	4	6
8	10	10
14	16	11
-1	0	0
0	0	-2
0	0	7
31	36	21
56	65	50
109	126	87
add:
3	4	6
8	10	10
14	16	11
-1	0	0
0	0	-2
0	0	7
31	36	21
56	65	50
109	126	87
add:
3	4	6
8	10	10
14	16	11
sub:
-1	0	0
0	0	-2
0	0	7
mult:
31	36	21
56	65	50
109	126	87
div:
add:
3	4	6
8	10	10
14	16	11
sub:
-1	0	0
0	0	-2
0	0	7
mult:
31	36	21
56	65	50
109	126	87
div:
16.932773109243698	-5.378151260504202	-0.7647058823529407
62.30252100840336	-28.13165266106442	2.274509803921567
111.67226890756302	-48.21848739495798	2.6470588235294104
add:
3	4	6
8	10	10
14	16	11
sub:
-1	0	0
0	0	-2
0	0	7
mult:
31	36	21
56	65	50
109	126	87
div:
16.932773109243698	-5.378151260504202	-0.7647058823529407
62.30252100840336	-28.13165266106442	2.274509803921567
111.67226890756302	-48.21848739495798	2.6470588235294104
add:
3	4	6
8	10	10
14	16	11
sub:
-1	0	0
0	0	-2
0	0	7
mult:
31	36	21
56	65	50
109	126	87
div:
add:
3	4	6
8	10	10
14	16	11
sub:
-1	0	0
0	0	-2
0	0	7
mult:
31	36	21
56	65	50
109	126	87
div:
16.932773109243698	-5.378151260504202	-0.7647058823529407
62.30252100840336	-28.13165266106442	2.274509803921567
111.67226890756302	-48.21848739495798	2.6470588235294104
add:
3	4	6
8	10	10
14	16	11
sub:
-1	0	0
0	0	-2
0	0	7
mult:
31	36	21
56	65	50
109	126	87
div:
16.932773109243698	-5.378151260504202	-0.7647058823529407
62.30252100840336	-28.13165266106442	2.274509803921567
111.67226890756302	-48.21848739495798	2.6470588235294104
add:
3	4	6
8	10	10
14	16	11
sub:
-1	0	0
0	0	-2
0	0	7
mult:
31	36	21
56	65	50
109	126	87
div:
add:
3	4	6
8	10	10
14	16	11
sub:
-1	0	0
0	0	-2
0	0	7
mult:
31	36	21
56	65	50
109	126	87
div:
16.932773109243698	-5.378151260504202	-0.7647058823529407
62.30252100840336	-28.13165266106442	2.274509803921567
111.67226890756302	-48.21848739495798	2.6470588235294104
add:
3	4	6
8	10	10
14	16	11
sub:
-1	0	0
0	0	-2
0	0	7
mult:
31	36	21
56	65	50
109	126	87
div:
add:
3	4	6
8	10	10
14	16	11
sub:
-1	0	0
0	0	-2
0	0	7
mult:
31	36	21
56	65	50
109	126	87
div:
16.932773109243698	-5.378151260504202	-0.7647058823529407
62.30252100840336	-28.13165266106442	2.274509803921567
111.67226890756302	-48.21848739495798	2.6470588235294104
